param n := 27;

param d :            1            2            3            4            5            6            7            8            9           10           11           12           13           14           15           16           17           18           19           20           21           22           23           24           25           26           27 :=
      1       0.000000   666.108093   281.113861   395.600800   291.204407   326.266754   640.800293   426.878204   600.187500   561.471252  1040.973145   655.019104   975.000000  1120.769775   299.040131   260.048065   429.534637   161.554947   305.000000   210.059509   286.923340    46.097721   181.176712   274.590607   410.030487   728.971863   798.514221 
      2     666.108093     0.000000   649.326599  1047.091187   945.145508   978.084839    45.000000   956.151123  1134.955933  1132.982788  1638.787720  1258.590454  1440.078125  1515.725952   957.823059   724.033813   494.772675   595.482971   843.400879   564.468750   392.460175   636.415771   509.828400   921.791748  1028.846436  1191.511597  1301.508789 
      3     281.113861   649.326599     0.000000   603.510559   508.944977   542.517273   610.573486   308.058441   485.643890   487.262756  1266.688599   891.361328  1247.757935  1399.732178   504.876221   537.401184   217.313141   134.629120   207.002411   440.964844   288.530762   240.520264   361.178619   505.692596   652.533508  1005.944824  1067.637573 
      4     395.600800  1047.091187   603.510559     0.000000   104.403069    69.641945  1026.364990   525.000000   611.003296   533.900757   663.193054   294.363708   711.073120   897.008911   100.124924   384.220001   800.249939   532.353271   474.684113   500.624603   681.487366   436.606232   537.703430   125.299644   109.201645   516.236389   526.806396 
      5     291.204407   945.145508   508.944977   104.403069     0.000000    35.355339   923.593506   470.558167   583.630859   513.468567   760.805481   382.426453   769.041626   944.311890    25.000000   309.232910   700.071411   430.464874   400.780487   406.601776   577.169800   332.453003   436.835205    31.622776   150.083313   552.268066   584.144653 
      6     326.266754   978.084839   542.517273    69.641945    35.355339     0.000000   957.039734   491.553650   596.007568   523.259033   726.102600   349.284973   744.194214   922.781128    40.311287   328.823669   735.017029   465.671570   427.931061   435.229828   611.902771   367.729523   469.068237    57.008770   124.197426   533.338562   559.128784 
      7     640.800293    45.000000   610.573486  1026.364990   923.593506   957.039734     0.000000   918.095825  1095.924316  1095.730347  1627.421265  1245.200806  1440.312500  1521.725952   935.360901   713.862732   451.248260   562.249939   807.000610   551.769897   361.731934   609.138733   491.172058   901.179810  1012.422852  1190.094482  1297.786621 
      8     426.878204   956.151123   308.058441   525.000000   470.558167   491.553650   918.095825     0.000000   183.439362   180.346893  1144.901733   812.049866  1234.341919  1414.231201   452.548340   660.984131   506.581696   381.215149   125.896782   635.963806   580.387817   415.030121   586.728210   486.543945   615.548523  1022.802551  1049.404541 
      9     600.187500  1134.955933   485.643890   611.003296   583.630859   596.007568  1095.924316   183.439362     0.000000    83.216583  1165.611450   873.856384  1316.757324  1507.116455   561.471252   817.954773   670.317078   564.645935   308.058441   810.246887   763.216858   593.043030   766.550720   606.238403   714.177856  1126.110596  1134.548340 
     10     561.471252  1132.982788   487.262756   533.900757   513.468567   523.259033  1095.730347   180.346893    83.216583     0.000000  1082.647217   792.085876  1236.577881  1428.294434   490.433472   763.691711   686.476501   547.950745   290.903778   770.275940   751.481873   560.290100   734.931946   537.819702   638.846619  1049.976196  1055.047363 
     11    1040.973145  1638.787720  1266.688599   663.193054   760.805481   726.102600  1627.421265  1144.901733  1165.611450  1082.647217     0.000000   387.072357   442.718872   619.556274   762.364746   914.822388  1460.693359  1190.094482  1124.299805  1075.662598  1314.172729  1085.564331  1143.525269   770.016235   631.268555   541.040649   417.432617 
     12     655.019104  1258.590454   891.361328   294.363708   382.426453   349.284973  1245.200806   812.049866   873.856384   792.085876   387.072357     0.000000   452.133820   653.241943   388.104370   537.703430  1078.355225   806.876709   768.846558   694.136169   927.159668   700.017883   758.172119   387.620941   245.000000   335.037323   283.240173 
     13     975.000000  1440.078125  1247.757935   711.073120   769.041626   744.194214  1440.312500  1234.341919  1316.757324  1236.577881   442.718872   452.133820     0.000000   205.548050   784.091858   759.276001  1399.508789  1136.540771  1169.465698   919.918457  1194.759399  1020.416565  1008.191467   759.950684   620.080627   254.017715   185.067551 
     14    1120.769775  1515.725952  1399.732178   897.008911   944.311890   922.781128  1521.725952  1414.231201  1507.116455  1428.294434   619.556274   653.241943   205.548050     0.000000   961.691223   883.883484  1534.218018  1280.673706  1340.634155  1034.649658  1313.202148  1164.688843  1127.208984   931.356567   799.155823   396.011353   374.432892 
     15     299.040131   957.823059   504.876221   100.124924    25.000000    40.311287   935.360901   452.548340   561.471252   490.433472   762.364746   388.104370   784.091858   961.691223     0.000000   332.415405   700.160706   432.348236   387.620941   424.794067   585.875427   338.600067   451.054321    55.901699   164.012192   571.073547   599.040894 
     16     260.048065   724.033813   537.401184   384.220001   309.232910   328.823669   713.862732   660.984131   817.954773   763.691711   914.822388   537.703430   759.276001   883.883484   332.415405     0.000000   650.711121   407.829620   548.862488   165.075745   435.488220   297.069031   249.098373   277.713867   326.496552   505.692596   597.536621 
     17     429.534637   494.772675   217.313141   800.249939   700.071411   735.017029   451.248260   506.581696   670.317078   686.476501  1460.693359  1078.355225  1399.508789  1534.218018   700.160706   650.711121     0.000000   271.661560   421.099762   512.079102   253.031616   383.438385   418.001190   691.158447   834.341064  1149.478149  1226.020020 
     18     161.554947   595.482971   134.629120   532.353271   430.464874   465.671570   562.249939   381.215149   564.645935   547.950745  1190.094482   806.876709  1136.540771  1280.673706   432.348236   407.829620   271.661560     0.000000   258.118195   306.471863   205.243759   116.297035   229.401398   420.119019   562.694397   890.000000   959.908875 
     19     305.000000   843.400879   207.002411   474.684113   400.780487   427.931061   807.000610   125.896782   308.058441   290.903778  1124.299805   768.846558  1169.465698  1340.634155   387.620941   548.862488   421.099762   258.118195     0.000000   512.445129   460.651703   290.172363   460.977234   410.030487   550.681396   945.476074   984.733459 
     20     210.059509   564.468750   440.964844   500.624603   406.601776   435.229828   551.769897   635.963806   810.246887   770.275940  1075.662598   694.136169   919.918457  1034.649658   424.794067   165.075745   512.079102   306.471863   512.445129     0.000000   278.567780   223.606796    94.339813   378.450775   467.386353   665.901672   761.642944 
     21     286.923340   392.460175   288.530762   681.487366   577.169800   611.902771   361.731934   580.387817   763.216858   751.481873  1314.172729   927.159668  1194.759399  1313.202148   585.875427   435.488220   253.031616   205.243759   460.651703   278.567780     0.000000   250.599289   186.815414   558.412903   684.726196   941.076538  1030.970459 
     22      46.097721   636.415771   240.520264   436.606232   332.453003   367.729523   609.138733   415.030121   593.043030   560.290100  1085.564331   700.017883  1020.416565  1164.688843   338.600067   297.069031   383.438385   116.297035   290.172363   223.606796   250.599289     0.000000   174.642487   317.529541   455.027466   773.708618   844.334045 
     23     181.176712   509.828400   361.178619   537.703430   436.835205   469.068237   491.172058   586.728210   766.550720   734.931946  1143.525269   758.172119  1008.191467  1127.208984   451.054321   249.098373   418.001190   229.401398   460.977234    94.339813   186.815414   174.642487     0.000000   412.462128   521.775818   754.403748   845.931458 
     24     274.590607   921.791748   505.692596   125.299644    31.622776    57.008770   901.179810   486.543945   606.238403   537.819702   770.016235   387.620941   759.950684   931.356567    55.901699   277.713867   691.158447   420.119019   410.030487   378.450775   558.412903   317.529541   412.462128     0.000000   147.054413   537.401184   575.608398 
     25     410.030487  1028.846436   652.533508   109.201645   150.083313   124.197426  1012.422852   615.548523   714.177856   638.846619   631.268555   245.000000   620.080627   799.155823   164.012192   326.496552   834.341064   562.694397   550.681396   467.386353   684.726196   455.027466   521.775818   147.054413     0.000000   412.098297   435.028748 
     26     728.971863  1191.511597  1005.944824   516.236389   552.268066   533.338562  1190.094482  1022.802551  1126.110596  1049.976196   541.040649   335.037323   254.017715   396.011353   571.073547   505.692596  1149.478149   890.000000   945.476074   665.901672   941.076538   773.708618   754.403748   537.401184   412.098297     0.000000   126.194298 
     27     798.514221  1301.508789  1067.637573   526.806396   584.144653   559.128784  1297.786621  1049.404541  1134.548340  1055.047363   417.432617   283.240173   185.067551   374.432892   599.040894   597.536621  1226.020020   959.908875   984.733459   761.642944  1030.970459   844.334045   845.931458   575.608398   435.028748   126.194298     0.000000 
;